19 0.924 0.624 0.148 0.20266666666666666
19 0.556 0.6293333333333333 0.176 0.112
19 0.308 0.648 0.056 0.17066666666666666
19 0.201 0.688 0.202 0.2613333333333333
19 0.054 0.6933333333333334 0.108 0.2773333333333333
1 0.637 0.6773333333333333 0.022 0.07466666666666666
1 0.56 0.6773333333333333 0.012 0.06933333333333333
1 0.549 0.6666666666666666 0.01 0.032
1 0.519 0.6799999999999999 0.018000000000000002 0.07466666666666666
1 0.501 0.6799999999999999 0.018000000000000002 0.064
1 0.418 0.6839999999999999 0.016 0.06666666666666667
1 0.381 0.6906666666666667 0.018000000000000002 0.09066666666666666
1 0.361 0.688 0.014 0.07466666666666666