10 0.47900000000000004 0.72 0.25 0.29333333333333333
1 0.61 0.8133333333333334 0.224 0.368
1 0.339 0.8119999999999999 0.226 0.37066666666666664
11 0.454 0.6493333333333333 0.028 0.11466666666666667
11 0.47700000000000004 0.6226666666666666 0.022 0.11466666666666667
1 0.715 0.484 0.07 0.17866666666666667
1 0.341 0.5466666666666666 0.054 0.08
1 0.363 0.54 0.094 0.14133333333333334
1 0.561 0.5386666666666666 0.11800000000000001 0.13333333333333333
1 0.621 0.576 0.082 0.128
1 0.6890000000000001 0.716 0.11 0.32266666666666666
1 0.268 0.728 0.14 0.36266666666666664
1 0.9420000000000001 0.8746666666666666 0.112 0.24533333333333332
2 0.758 0.8213333333333334 0.056 0.352
2 0.755 0.6453333333333333 0.046 0.13866666666666666