2 0.833 0.816 0.182 0.16
2 0.838 0.6679999999999999 0.192 0.19466666666666665
2 0.975 0.6533333333333333 0.042 0.17066666666666666
2 0.974 0.8079999999999999 0.048 0.16
2 0.549 0.6506666666666666 0.05 0.192
2 0.548 0.8066666666666666 0.052000000000000005 0.14666666666666667
2 0.339 0.636 0.066 0.184
2 0.339 0.7919999999999999 0.066 0.14933333333333332
2 0.163 0.6413333333333333 0.07 0.18933333333333333
2 0.152 0.7933333333333333 0.036000000000000004 0.15733333333333333
2 0.14200000000000002 0.144 0.056 0.16533333333333333
2 0.136 0.3133333333333333 0.068 0.21066666666666667
2 0.36 0.156 0.07200000000000001 0.17866666666666667
2 0.354 0.31066666666666665 0.064 0.184
2 0.5720000000000001 0.15466666666666667 0.052000000000000005 0.176
2 0.578 0.33599999999999997 0.068 0.208
2 0.773 0.15466666666666667 0.05 0.176
2 0.77 0.31466666666666665 0.048 0.18133333333333332
2 0.98 0.15066666666666667 0.036000000000000004 0.16266666666666665
2 0.978 0.3173333333333333 0.04 0.18666666666666665
1 0.879 0.6679999999999999 0.182 0.22666666666666666
1 0.642 0.6706666666666666 0.20400000000000001 0.20533333333333334
1 0.64 0.8079999999999999 0.20400000000000001 0.16
1 0.41500000000000004 0.7933333333333333 0.178 0.15733333333333333
1 0.432 0.64 0.184 0.19733333333333333
1 0.23800000000000002 0.62 0.176 0.21066666666666667
1 0.23600000000000002 0.7959999999999999 0.17200000000000001 0.14133333333333334
1 0.234 0.32 0.20400000000000001 0.208
1 0.224 0.14666666666666667 0.196 0.21333333333333332
1 0.446 0.14266666666666666 0.2 0.19999999999999998
1 0.453 0.356 0.222 0.264
1 0.653 0.172 0.194 0.2373333333333333
1 0.6990000000000001 0.36666666666666664 0.27 0.2373333333333333
1 0.869 0.14933333333333332 0.19 0.208
1 0.887 0.35866666666666663 0.222 0.2533333333333333
1 0.056 0.152 0.112 0.20266666666666666
1 0.116 0.3466666666666667 0.224 0.25066666666666665