10 0.384 0.756 0.528 0.48266666666666663
2 0.078 0.7546666666666666 0.152 0.48
1 0.767 0.6839999999999999 0.382 0.6266666666666666
1 0.6890000000000001 0.644 0.218 0.6
1 0.48 0.428 0.176 0.19999999999999998
1 0.146 0.6719999999999999 0.23600000000000002 0.6506666666666666
11 0.538 0.5 0.04 0.13066666666666665
11 0.47600000000000003 0.48666666666666664 0.028 0.09866666666666667
11 0.441 0.49466666666666664 0.034 0.12
11 0.425 0.52 0.03 0.10666666666666666
11 0.404 0.5586666666666666 0.028 0.11466666666666667
1 0.382 0.7373333333333333 0.232 0.52