16 0.481 0.5986666666666667 0.666 0.6586666666666666
16 0.765 0.44666666666666666 0.466 0.424
16 0.161 0.252 0.094 0.12
16 0.299 0.24133333333333332 0.114 0.08266666666666667
16 0.441 0.24 0.126 0.08533333333333333
16 0.559 0.23866666666666667 0.126 0.06666666666666667
16 0.65 0.23066666666666666 0.07200000000000001 0.04533333333333333
16 0.618 0.20133333333333334 0.068 0.029333333333333333
16 0.025 0.25466666666666665 0.05 0.12533333333333332
1 0.116 0.24533333333333332 0.064 0.18666666666666665
1 0.93 0.216 0.032 0.09066666666666666
1 0.895 0.21066666666666667 0.038 0.10133333333333333
1 0.727 0.19866666666666666 0.034 0.06133333333333333
1 0.586 0.208 0.04 0.12266666666666666
1 0.229 0.22533333333333333 0.038 0.13066666666666665
1 0.355 0.212 0.026000000000000002 0.10933333333333332
1 0.404 0.19866666666666666 0.028 0.050666666666666665
1 0.313 0.18533333333333332 0.018000000000000002 0.034666666666666665
1 0.334 0.19999999999999998 0.02 0.064