8 0.031 0.5253333333333333 0.062 0.33599999999999997
8 0.112 0.5533333333333333 0.116 0.21066666666666667
8 0.28800000000000003 0.5866666666666667 0.136 0.21333333333333332
8 0.438 0.62 0.332 0.37066666666666664
8 0.684 0.6679999999999999 0.36 0.344
1 0.674 0.4973333333333333 0.256 0.4666666666666667
1 0.427 0.44 0.278 0.5333333333333333
1 0.111 0.444 0.114 0.248
1 0.029 0.3213333333333333 0.054 0.21066666666666667
1 0.28200000000000003 0.5173333333333333 0.1 0.3413333333333333
16 0.6970000000000001 0.13599999999999998 0.058 0.032
16 0.738 0.13066666666666665 0.048 0.03733333333333333
16 0.777 0.11599999999999999 0.042 0.029333333333333333