15 0.081 0.597 0.162 0.11800000000000001
15 0.528 0.599 0.116 0.10200000000000001
15 0.41300000000000003 0.638 0.11 0.18
15 0.297 0.546 0.07 0.052000000000000005
15 0.218 0.519 0.024 0.034
15 0.136 0.527 0.052000000000000005 0.042
15 0.063 0.535 0.038 0.022
15 0.031 0.523 0.034 0.034
15 0.073 0.523 0.03 0.026000000000000002
15 0.41600000000000004 0.521 0.024 0.022
15 0.34600000000000003 0.539 0.036000000000000004 0.042
15 0.446 0.523 0.028 0.014
15 0.523 0.54 0.03 0.028
15 0.555 0.54 0.034 0.02
15 0.735 0.538 0.03 0.024
15 0.687 0.532 0.026000000000000002 0.02
15 0.664 0.534 0.036000000000000004 0.024
15 0.633 0.532 0.022 0.028
15 0.607 0.531 0.03 0.03