18 0.712 0.644 0.188 0.25866666666666666
18 0.465 0.6626666666666666 0.23 0.3973333333333333
18 0.276 0.5426666666666666 0.084 0.16266666666666665
18 0.20400000000000001 0.48933333333333334 0.064 0.11466666666666667
1 0.71 0.5186666666666666 0.132 0.21066666666666667
1 0.449 0.5613333333333334 0.126 0.36533333333333334
1 0.28 0.484 0.064 0.16799999999999998
1 0.212 0.4573333333333333 0.044 0.11466666666666667
16 0.059000000000000004 0.5066666666666666 0.11800000000000001 0.14933333333333332
16 0.10300000000000001 0.44666666666666666 0.05 0.050666666666666665
16 0.752 0.5346666666666666 0.232 0.14666666666666667
16 0.042 0.7586666666666666 0.084 0.424
18 0.158 0.45866666666666667 0.024 0.058666666666666666
18 0.34800000000000003 0.5 0.044 0.10933333333333332