2 0.876 0.7253333333333333 0.044 0.13333333333333333
2 0.6930000000000001 0.7973333333333333 0.074 0.13866666666666666
2 0.491 0.896 0.082 0.176
2 0.72 0.7266666666666667 0.068 0.12
2 0.23700000000000002 0.9359999999999999 0.106 0.112
2 0.797 0.7626666666666666 0.062 0.112
2 0.612 0.852 0.076 0.14133333333333334
10 0.774 0.7146666666666667 0.092 0.12266666666666666
10 0.367 0.9093333333333333 0.15 0.15466666666666667
1 0.538 0.764 0.06 0.248
1 0.26 0.9 0.14400000000000002 0.19466666666666665
1 0.438 0.8906666666666666 0.06 0.19733333333333333
1 0.4 0.7866666666666666 0.064 0.12266666666666666
1 0.624 0.8213333333333334 0.10400000000000001 0.192
1 0.797 0.7146666666666667 0.062 0.144
1 0.975 0.6213333333333333 0.046 0.208
1 0.834 0.696 0.07200000000000001 0.18666666666666665
7 0.587 0.24533333333333332 0.114 0.042666666666666665