16 0.78 0.7582582582582582 0.296 0.23123123123123124
16 0.25 0.7267267267267267 0.076 0.0960960960960961
16 0.343 0.7462462462462462 0.114 0.0990990990990991
16 0.183 0.7252252252252253 0.082 0.06906906906906907
16 0.47200000000000003 0.7327327327327328 0.148 0.10810810810810811
1 0.448 0.7312312312312312 0.044 0.14714714714714713
1 0.41200000000000003 0.7312312312312312 0.04 0.16516516516516516
1 0.977 0.7972972972972973 0.042 0.3153153153153153
1 0.9500000000000001 0.7372372372372372 0.032 0.13513513513513514
1 0.928 0.7342342342342342 0.032 0.13513513513513514
16 0.025 0.7267267267267267 0.046 0.16216216216216217