11 0.551 0.0990990990990991 0.018000000000000002 0.04804804804804805
11 0.5750000000000001 0.09759759759759759 0.018000000000000002 0.04504504504504504
11 0.676 0.10960960960960961 0.036000000000000004 0.15915915915915915
11 0.646 0.1036036036036036 0.032 0.12312312312312312
11 0.617 0.0915915915915916 0.026000000000000002 0.09309309309309309
11 0.592 0.1021021021021021 0.024 0.0960960960960961
11 0.5640000000000001 0.11561561561561562 0.032 0.10510510510510511
11 0.536 0.13663663663663664 0.024 0.13513513513513514
11 0.512 0.13963963963963963 0.032 0.13513513513513514
11 0.978 0.6261261261261262 0.04 0.12912912912912913
11 0.9500000000000001 0.6561561561561562 0.036000000000000004 0.2012012012012012
11 0.914 0.6531531531531531 0.04 0.2072072072072072
11 0.873 0.6546546546546547 0.038 0.1981981981981982
11 0.845 0.6321321321321322 0.034 0.1831831831831832
1 0.596 0.566066066066066 0.804 0.8618618618618619