16 0.59 0.8890374331550802 0.096 0.07754010695187165
16 0.767 0.8542780748663101 0.054 0.05080213903743315
16 0.885 0.8636363636363635 0.082 0.058823529411764705
16 0.9530000000000001 0.8622994652406417 0.074 0.05614973262032085
16 0.857 0.8235294117647058 0.042 0.053475935828877004
16 0.663 0.8622994652406417 0.058 0.07219251336898395
16 0.592 0.8262032085561497 0.036000000000000004 0.0427807486631016
16 0.467 0.8863636363636364 0.07 0.06684491978609625
16 0.375 0.8462566844919786 0.054 0.06149732620320855
16 0.23500000000000001 0.8489304812834224 0.082 0.04545454545454545
16 0.195 0.8088235294117646 0.05 0.04545454545454545
1 0.335 0.9050802139037433 0.07 0.18449197860962566
1 0.198 0.9251336898395721 0.052000000000000005 0.1443850267379679
1 0.25 0.926470588235294 0.052000000000000005 0.14171122994652405
1 0.28300000000000003 0.9197860962566844 0.054 0.1550802139037433