2 0.665 0.5453333333333333 0.07 0.024
2 0.155 0.6346666666666666 0.098 0.10133333333333333
2 0.249 0.644 0.098 0.104
2 0.338 0.6719999999999999 0.07200000000000001 0.08
2 0.47200000000000003 0.6893333333333334 0.07200000000000001 0.08266666666666667
2 0.592 0.7013333333333334 0.084 0.08533333333333333
2 0.768 0.724 0.096 0.09333333333333332
2 0.077 0.712 0.094 0.176
2 0.192 0.7666666666666666 0.14 0.14133333333333334
2 0.333 0.7986666666666666 0.154 0.15733333333333333
2 0.493 0.828 0.15 0.16266666666666665
2 0.715 0.8893333333333333 0.146 0.216
2 0.026000000000000002 0.8933333333333333 0.052000000000000005 0.08
2 0.057 0.96 0.114 0.07466666666666666
12 0.34 0.31866666666666665 0.108 0.10933333333333332