18 0.244 0.6501501501501501 0.244 0.6456456456456456
1 0.245 0.43993993993993996 0.222 0.7957957957957957
1 0.5 0.566066066066066 0.08 0.30930930930930933
1 0.758 0.6636636636636637 0.184 0.2222222222222222
1 0.9460000000000001 0.5735735735735735 0.068 0.34234234234234234
1 0.636 0.5855855855855856 0.04 0.23423423423423423
1 0.793 0.581081081081081 0.054 0.21921921921921922
1 0.847 0.515015015015015 0.066 0.09309309309309309
1 0.07 0.5615615615615616 0.08 0.2702702702702703
18 0.858 0.6441441441441441 0.076 0.21921921921921922
18 0.489 0.6441441441441441 0.14200000000000002 0.15915915915915915
18 0.381 0.6606606606606606 0.082 0.09009009009009009
1 0.021 0.6366366366366366 0.042 0.14414414414414414