14 0.269 0.7346666666666667 0.226 0.22666666666666666
14 0.844 0.7053333333333333 0.164 0.248
14 0.835 0.772 0.094 0.152
14 0.679 0.764 0.078 0.11466666666666667
14 0.743 0.7693333333333333 0.07 0.09866666666666667
17 0.47300000000000003 0.7879999999999999 0.026000000000000002 0.050666666666666665
17 0.506 0.7946666666666666 0.016 0.048
17 0.527 0.7826666666666666 0.01 0.072
17 0.549 0.7973333333333333 0.022 0.048
17 0.586 0.768 0.024 0.058666666666666666
17 0.608 0.8293333333333333 0.028 0.042666666666666665
17 0.636 0.82 0.024 0.050666666666666665
17 0.637 0.7706666666666666 0.026000000000000002 0.042666666666666665
17 0.628 0.7213333333333333 0.024 0.04533333333333333