2 0.811 0.8813333333333333 0.374 0.23199999999999998
2 0.652 0.6586666666666666 0.184 0.10666666666666666
2 0.582 0.6173333333333333 0.116 0.10933333333333332
1 0.327 0.58 0.654 0.8293333333333333
1 0.86 0.6213333333333333 0.276 0.304
1 0.9390000000000001 0.48933333333333334 0.11800000000000001 0.3333333333333333
1 0.763 0.5559999999999999 0.114 0.248
1 0.679 0.516 0.09 0.13599999999999998
1 0.5750000000000001 0.5266666666666666 0.14200000000000002 0.18933333333333333
1 0.018000000000000002 0.516 0.036000000000000004 0.2693333333333333
1 0.20700000000000002 0.508 0.038 0.12
1 0.158 0.5133333333333333 0.032 0.13599999999999998
1 0.122 0.516 0.036000000000000004 0.13066666666666665