16 0.552 0.6126126126126126 0.552 0.43243243243243246
16 0.29 0.4039039039039039 0.12 0.1111111111111111
1 0.176 0.5480480480480481 0.12 0.5675675675675675
16 0.468 0.28678678678678676 0.088 0.03903903903903904
16 0.534 0.2852852852852853 0.092 0.04204204204204204
16 0.627 0.2912912912912913 0.094 0.05405405405405406
16 0.679 0.2912912912912913 0.07 0.05405405405405406
16 0.725 0.2927927927927928 0.09 0.05105105105105105
16 0.8150000000000001 0.29429429429429427 0.114 0.07807807807807808
16 0.854 0.2987987987987988 0.092 0.06306306306306306
16 0.927 0.3003003003003003 0.114 0.08408408408408408
16 0.971 0.3048048048048048 0.054 0.08108108108108109