11 0.48533333333333334 0.741 0.12266666666666666 0.198
11 0.2693333333333333 0.674 0.16533333333333333 0.216
11 0.30666666666666664 0.611 0.13333333333333333 0.202
11 0.41866666666666663 0.657 0.10666666666666666 0.214
11 0.5293333333333333 0.625 0.12 0.23800000000000002
11 0.5613333333333334 0.482 0.14666666666666667 0.28
11 0.7746666666666666 0.41400000000000003 0.12 0.20400000000000001
11 0.6679999999999999 0.40900000000000003 0.104 0.258
11 0.5906666666666667 0.455 0.088 0.194
11 0.39999999999999997 0.539 0.12266666666666666 0.154
11 0.3133333333333333 0.482 0.09866666666666667 0.156
11 0.3413333333333333 0.394 0.10666666666666666 0.156
11 0.372 0.35000000000000003 0.07733333333333334 0.116
11 0.432 0.313 0.08 0.13
11 0.45199999999999996 0.432 0.07733333333333334 0.108
11 0.4373333333333333 0.508 0.11733333333333333 0.2
11 0.5986666666666667 0.357 0.06666666666666667 0.146
11 0.6133333333333333 0.279 0.064 0.134
11 0.64 0.231 0.07466666666666666 0.122
11 0.7106666666666667 0.218 0.050666666666666665 0.04
11 0.7133333333333333 0.308 0.07733333333333334 0.136
11 0.84 0.326 0.07466666666666666 0.156
11 0.8173333333333334 0.374 0.072 0.184
11 0.772 0.266 0.056 0.092
11 0.444 0.261 0.08266666666666667 0.11800000000000001