8 0.807 0.6015151515151516 0.17 0.1606060606060606
8 0.9390000000000001 0.5984848484848485 0.094 0.2515151515151515
8 0.631 0.49696969696969695 0.186 0.32727272727272727
8 0.436 0.6333333333333333 0.22 0.30303030303030304
8 0.28400000000000003 0.4818181818181818 0.06 0.12121212121212122
8 0.075 0.5878787878787879 0.146 0.2606060606060606
1 0.9500000000000001 0.5545454545454546 0.096 0.4303030303030303
1 0.8190000000000001 0.5272727272727272 0.11 0.23636363636363636
1 0.608 0.5515151515151515 0.136 0.42424242424242425
1 0.468 0.5272727272727272 0.156 0.5272727272727272
1 0.093 0.47424242424242424 0.114 0.39090909090909093
1 0.343 0.46515151515151515 0.05 0.1606060606060606