1 0.3183183183183183 0.425 0.6366366366366366 0.758
1 0.542042042042042 0.86 0.8198198198198198 0.276
1 0.8783783783783784 0.584 0.2132132132132132 0.364
1 0.7612612612612613 0.608 0.2132132132132132 0.272
1 0.8048048048048048 0.435 0.16816816816816815 0.154
1 0.7642642642642643 0.399 0.057057057057057055 0.05
1 0.7207207207207207 0.389 0.04204204204204204 0.05
1 0.6081081081081081 0.548 0.22522522522522523 0.34800000000000003
1 0.4024024024024024 0.509 0.29429429429429427 0.394
1 0.49099099099099097 0.507 0.1891891891891892 0.358
1 0.04804804804804805 0.28700000000000003 0.0960960960960961 0.20600000000000002