18 0.112 0.5333333333333333 0.188 0.18133333333333332
18 0.755 0.5413333333333333 0.09 0.23466666666666666
18 0.9580000000000001 0.5346666666666666 0.08 0.22133333333333333
18 0.436 0.5493333333333333 0.06 0.176
16 0.985 0.6573333333333333 0.026000000000000002 0.35466666666666663
18 0.622 0.6546666666666666 0.184 0.248
16 0.391 0.512 0.11 0.16
1 0.863 0.46799999999999997 0.046 0.248
1 0.8310000000000001 0.5266666666666666 0.094 0.33866666666666667
1 0.658 0.58 0.108 0.42933333333333334
1 0.578 0.42266666666666663 0.06 0.11466666666666667
1 0.501 0.5066666666666666 0.09 0.30933333333333335
1 0.41600000000000004 0.5026666666666666 0.052000000000000005 0.2533333333333333
1 0.158 0.5133333333333333 0.076 0.27466666666666667