7 0.499 0.4706666666666667 0.998 0.9359999999999999
7 0.47500000000000003 0.5026666666666666 0.14200000000000002 0.06666666666666667
7 0.7000000000000001 0.536 0.212 0.096
7 0.904 0.5453333333333333 0.184 0.09333333333333332
19 0.811 0.8253333333333333 0.374 0.2533333333333333
16 0.328 0.9106666666666666 0.064 0.08266666666666667
1 0.974 0.8973333333333333 0.048 0.19999999999999998
1 0.917 0.9039999999999999 0.05 0.18666666666666665
1 0.846 0.9079999999999999 0.06 0.17866666666666667
1 0.8210000000000001 0.8933333333333333 0.042 0.20266666666666666
1 0.748 0.9053333333333333 0.06 0.184
1 0.602 0.892 0.064 0.21066666666666667
1 0.644 0.9146666666666666 0.044 0.16533333333333333
1 0.53 0.9039999999999999 0.076 0.18666666666666665
1 0.481 0.9053333333333333 0.058 0.184
1 0.427 0.9093333333333333 0.058 0.176
1 0.4 0.9039999999999999 0.04 0.18666666666666665
1 0.363 0.9079999999999999 0.046 0.16799999999999998
1 0.273 0.9079999999999999 0.074 0.17866666666666667
1 0.22 0.9026666666666666 0.092 0.18933333333333333
1 0.125 0.9 0.07 0.18933333333333333
1 0.066 0.9146666666666666 0.048 0.16533333333333333
1 0.026000000000000002 0.9119999999999999 0.044 0.17066666666666666