17 0.242 0.18085106382978722 0.136 0.10106382978723404
17 0.364 0.28856382978723405 0.136 0.10372340425531915
17 0.368 0.20611702127659573 0.14 0.11436170212765957
17 0.377 0.9095744680851063 0.154 0.10638297872340426
17 0.631 0.8590425531914894 0.218 0.1276595744680851
17 0.8240000000000001 0.8058510638297872 0.164 0.10106382978723404
17 0.9410000000000001 0.523936170212766 0.114 0.12234042553191489
17 0.626 0.5172872340425532 0.192 0.11436170212765957
17 0.762 0.3736702127659574 0.148 0.10904255319148935
17 0.79 0.05984042553191489 0.152 0.09840425531914894
17 0.581 0.06515957446808511 0.126 0.10372340425531915
17 0.663 0.1023936170212766 0.126 0.07712765957446809
17 0.176 0.25 0.128 0.11702127659574468
17 0.254 0.836436170212766 0.212 0.14095744680851063
17 0.455 0.8164893617021276 0.11800000000000001 0.12234042553191489
17 0.73 0.7805851063829787 0.17200000000000001 0.10372340425531915
17 0.727 0.5718085106382979 0.14200000000000002 0.0851063829787234
17 0.43 0.7287234042553191 0.232 0.15425531914893617
17 0.28300000000000003 0.6170212765957447 0.154 0.1276595744680851
17 0.228 0.4574468085106383 0.136 0.16489361702127658
17 0.367 0.4109042553191489 0.138 0.14627659574468085
17 0.8210000000000001 0.30186170212765956 0.166 0.125
17 0.637 0.2526595744680851 0.13 0.13829787234042554
17 0.41500000000000004 0.14627659574468085 0.10200000000000001 0.09574468085106383
17 0.337 0.12234042553191489 0.078 0.10638297872340426
17 0.498 0.6023936170212766 0.192 0.1356382978723404
17 0.934 0.11702127659574468 0.08 0.13297872340425532
17 0.845 0.1728723404255319 0.146 0.13297872340425532
17 0.735 0.16090425531914893 0.126 0.07712765957446809
17 0.757 0.21143617021276595 0.10200000000000001 0.14627659574468085
17 0.522 0.36436170212765956 0.14400000000000002 0.14893617021276595
17 0.521 0.3178191489361702 0.15 0.09840425531914894
17 0.659 0.3390957446808511 0.10200000000000001 0.125
17 0.658 0.4375 0.136 0.09308510638297872
17 0.753 0.47606382978723405 0.134 0.11170212765957446
17 0.9510000000000001 0.4175531914893617 0.094 0.12234042553191489
17 0.898 0.0425531914893617 0.096 0.07446808510638298
17 0.863 0.25 0.14200000000000002 0.10106382978723404
17 0.547 0.1901595744680851 0.094 0.125
17 0.592 0.13164893617021275 0.096 0.125
17 0.448 0.25930851063829785 0.088 0.11436170212765957
17 0.928 0.30186170212765956 0.128 0.06648936170212766