1 0.459 0.268 0.042 0.14666666666666667
1 0.189 0.25066666666666665 0.03 0.096
1 0.13 0.25866666666666666 0.036000000000000004 0.08533333333333333
1 0.856 0.29866666666666664 0.084 0.2773333333333333
1 0.778 0.30133333333333334 0.07200000000000001 0.2826666666666667
1 0.645 0.41333333333333333 0.218 0.752
11 0.386 0.836 0.036000000000000004 0.14666666666666667
11 0.43 0.8533333333333333 0.024 0.10133333333333333
11 0.549 0.8533333333333333 0.034 0.12266666666666666
11 0.583 0.8573333333333333 0.03 0.11466666666666667
11 0.35000000000000003 0.8413333333333333 0.024 0.10933333333333332
11 0.303 0.8213333333333334 0.026000000000000002 0.128