1 0.833 0.7186666666666667 0.25 0.5519999999999999
1 0.748 0.58 0.132 0.2533333333333333
1 0.622 0.756 0.196 0.4666666666666667
1 0.396 0.732 0.268 0.5146666666666666
1 0.167 0.712 0.202 0.432
1 0.531 0.5586666666666666 0.114 0.22133333333333333
1 0.325 0.62 0.058 0.11466666666666667
10 0.508 0.816 0.628 0.352
2 0.7020000000000001 0.896 0.20800000000000002 0.19733333333333333
2 0.443 0.9319999999999999 0.242 0.13066666666666665
2 0.924 0.9039999999999999 0.148 0.18666666666666665
2 0.1 0.8413333333333333 0.196 0.30666666666666664