0 0.807 0.5729813664596273 0.226 0.2826086956521739
0 0.166 0.46273291925465837 0.148 0.14906832298136646
1 0.8130000000000001 0.4270186335403726 0.078 0.20186335403726707
1 0.17300000000000001 0.38198757763975155 0.062 0.14906832298136646
14 0.188 0.5916149068322981 0.168 0.2453416149068323
14 0.272 0.6164596273291925 0.192 0.22049689440993786
14 0.435 0.6304347826086956 0.178 0.2546583850931677
14 0.438 0.6288819875776397 0.12 0.21428571428571427
14 0.546 0.6506211180124223 0.088 0.27018633540372666
14 0.614 0.6226708074534161 0.07200000000000001 0.2453416149068323
14 0.674 0.6537267080745341 0.07200000000000001 0.23913043478260868
14 0.709 0.6319875776397516 0.054 0.2329192546583851
14 0.801 0.6444099378881987 0.09 0.2639751552795031
14 0.9560000000000001 0.577639751552795 0.084 0.19254658385093165
14 0.579 0.5108695652173912 0.154 0.07763975155279502
14 0.673 0.49844720496894407 0.042 0.05279503105590062