10 0.529 0.6435045317220544 0.838 0.7069486404833837
2 0.893 0.6661631419939577 0.17400000000000002 0.4743202416918429
2 0.771 0.4622356495468278 0.126 0.39274924471299094
2 0.719 0.3685800604229607 0.078 0.283987915407855
2 0.662 0.3066465256797583 0.064 0.21450151057401812
2 0.461 0.2311178247734139 0.126 0.1299093655589124
2 0.258 0.3202416918429003 0.052000000000000005 0.2054380664652568
2 0.226 0.3851963746223565 0.088 0.28700906344410876
2 0.192 0.48489425981873113 0.116 0.4078549848942598
2 0.106 0.7084592145015106 0.156 0.5166163141993958
2 0.051000000000000004 0.3595166163141994 0.10200000000000001 0.23564954682779457
2 0.307 0.229607250755287 0.106 0.18126888217522658