1 0.6890000000000001 0.5733333333333334 0.266 0.7733333333333333
1 0.247 0.604 0.294 0.712
1 0.741 0.22799999999999998 0.038 0.16799999999999998
1 0.81 0.22799999999999998 0.036000000000000004 0.10933333333333332
1 0.8270000000000001 0.24933333333333332 0.034 0.088
1 0.859 0.2733333333333333 0.046 0.10933333333333332
10 0.445 0.7306666666666667 0.41000000000000003 0.5013333333333333
10 0.85 0.4746666666666666 0.17200000000000001 0.16
10 0.917 0.388 0.162 0.104
10 0.785 0.33466666666666667 0.126 0.104
1 0.984 0.29866666666666664 0.028 0.13333333333333333
2 0.8240000000000001 0.6973333333333334 0.296 0.584
2 0.153 0.7093333333333333 0.306 0.5706666666666667
2 0.8150000000000001 0.78 0.366 0.43466666666666665
2 0.05 0.7826666666666666 0.1 0.42933333333333334