1 0.077 0.4653333333333333 0.034 0.19466666666666665
1 0.112 0.48666666666666664 0.06 0.27999999999999997
1 0.23700000000000002 0.4746666666666666 0.042 0.21866666666666665
1 0.291 0.5013333333333333 0.066 0.31466666666666665
1 0.383 0.472 0.042 0.17066666666666666
1 0.431 0.48533333333333334 0.066 0.256
1 0.55 0.48666666666666664 0.044 0.17866666666666667
1 0.678 0.5519999999999999 0.076 0.36266666666666664
1 0.766 0.5213333333333333 0.06 0.27466666666666667
1 0.85 0.5013333333333333 0.07200000000000001 0.21866666666666665
1 0.044 0.7893333333333333 0.084 0.416
1 0.605 0.48266666666666663 0.034 0.10666666666666666
1 0.971 0.42933333333333334 0.038 0.08
1 0.926 0.4973333333333333 0.048 0.17333333333333334
1 0.486 0.5026666666666666 0.032 0.088
1 0.499 0.46799999999999997 0.034 0.13599999999999998