10 0.56 0.5479999999999999 0.876 0.41866666666666663
10 0.47600000000000003 0.772 0.8240000000000001 0.45066666666666666
2 0.968 0.4093333333333333 0.06 0.15733333333333333
2 0.812 0.368 0.10400000000000001 0.10133333333333333
2 0.452 0.32 0.088 0.06933333333333333
2 0.107 0.48533333333333334 0.122 0.21333333333333332
2 0.248 0.47733333333333333 0.10400000000000001 0.192
2 0.368 0.46399999999999997 0.1 0.176
2 0.45 0.46266666666666667 0.076 0.25866666666666666
2 0.503 0.47333333333333333 0.062 0.27466666666666667
2 0.544 0.49466666666666664 0.076 0.296
2 0.638 0.5573333333333333 0.152 0.36266666666666664
2 0.771 0.6413333333333333 0.158 0.472
2 0.912 0.724 0.17200000000000001 0.5413333333333333
2 0.789 0.7626666666666666 0.222 0.304
2 0.605 0.6493333333333333 0.13 0.16799999999999998