2 0.17 0.7213333333333333 0.34 0.5413333333333333
2 0.40800000000000003 0.48 0.12 0.192
2 0.71 0.448 0.12 0.17066666666666666
2 0.638 0.7586666666666666 0.28400000000000003 0.47733333333333333
2 0.752 0.7226666666666667 0.17200000000000001 0.5386666666666666
2 0.8190000000000001 0.4053333333333333 0.054 0.112
10 0.425 0.7213333333333333 0.726 0.5413333333333333
10 0.911 0.48666666666666664 0.17 0.23199999999999998
12 0.093 0.32 0.186 0.2826666666666667
1 0.653 0.33066666666666666 0.11800000000000001 0.33599999999999997
5 0.063 0.08933333333333333 0.11800000000000001 0.17866666666666667
5 0.503 0.52 0.15 0.192
11 0.257 0.6533333333333333 0.046 0.208