1 0.874 0.29866666666666664 0.036000000000000004 0.09066666666666666
1 0.922 0.296 0.032 0.10133333333333333
1 0.426 0.32666666666666666 0.048 0.11466666666666667
1 0.467 0.316 0.038 0.09866666666666667
1 0.5760000000000001 0.36266666666666664 0.068 0.24533333333333332
1 0.273 0.38 0.05 0.3173333333333333
1 0.26 0.408 0.06 0.33066666666666666
1 0.195 0.35466666666666663 0.05 0.13866666666666666
1 0.139 0.34933333333333333 0.046 0.14933333333333332
1 0.093 0.5666666666666667 0.186 0.5253333333333333
1 0.018000000000000002 0.7173333333333333 0.036000000000000004 0.5599999999999999