1 0.428 0.66 0.248 0.6746666666666666
1 0.603 0.4973333333333333 0.074 0.248
1 0.91 0.656 0.096 0.29333333333333333
1 0.97 0.6013333333333333 0.056 0.44
1 0.541 0.488 0.062 0.23466666666666666
1 0.76 0.4533333333333333 0.028 0.08533333333333333
1 0.719 0.4453333333333333 0.026000000000000002 0.10133333333333333
1 0.6970000000000001 0.44 0.026000000000000002 0.08
1 0.677 0.4373333333333333 0.018000000000000002 0.064
1 0.659 0.4333333333333333 0.018000000000000002 0.072
1 0.64 0.43066666666666664 0.024 0.07733333333333334