2 0.96 0.712 0.07466666666666666 0.34400000000000003
2 0.288 0.9430000000000001 0.576 0.11
2 0.08933333333333333 0.7030000000000001 0.17866666666666667 0.194
2 0.19999999999999998 0.61 0.176 0.17200000000000001
2 0.3293333333333333 0.578 0.14666666666666667 0.124
2 0.74 0.531 0.19466666666666665 0.058
1 0.4613333333333333 0.429 0.2826666666666667 0.318
11 0.708 0.427 0.024 0.046
11 0.6626666666666666 0.45 0.024 0.076
11 0.6293333333333333 0.439 0.032 0.082
11 0.604 0.423 0.024 0.034
11 0.5773333333333334 0.434 0.029333333333333333 0.064
10 0.46399999999999997 0.771 0.9279999999999999 0.454