12 0.496 0.45466666666666666 0.16 0.17866666666666667
2 0.879 0.7773333333333333 0.23800000000000002 0.37066666666666664
2 0.842 0.9146666666666666 0.312 0.16533333333333333
9 0.076 0.8413333333333333 0.152 0.312
5 0.658 0.4373333333333333 0.112 0.5386666666666666
5 0.217 0.624 0.074 0.16533333333333333
5 0.181 0.6533333333333333 0.062 0.064
5 0.17 0.5386666666666666 0.07200000000000001 0.10133333333333333
5 0.304 0.5026666666666666 0.036000000000000004 0.14133333333333334
5 0.242 0.512 0.07200000000000001 0.11733333333333333
5 0.065 0.5053333333333333 0.03 0.184
2 0.777 0.5266666666666666 0.126 0.24266666666666667
12 0.745 0.41733333333333333 0.094 0.06666666666666667
5 0.677 0.608 0.066 0.192
11 0.898 0.5599999999999999 0.016 0.064
11 0.912 0.5573333333333333 0.016 0.05333333333333333
11 0.885 0.48533333333333334 0.014 0.064
11 0.899 0.484 0.014 0.06133333333333333
11 0.884 0.5613333333333334 0.016 0.056
11 0.877 0.42 0.014 0.06133333333333333
11 0.891 0.416 0.014 0.058666666666666666
11 0.905 0.416 0.014 0.05333333333333333
11 0.916 0.416 0.008 0.05333333333333333
11 0.909 0.48266666666666663 0.01 0.064