10 0.885 0.5693333333333334 0.226 0.216
10 0.8250000000000001 0.848 0.34600000000000003 0.29866666666666664
10 0.139 0.6 0.254 0.3413333333333333
1 0.927 0.3853333333333333 0.11 0.17333333333333334
1 0.783 0.5346666666666666 0.162 0.3813333333333333
1 0.667 0.6706666666666666 0.222 0.2906666666666667
1 0.676 0.8053333333333333 0.276 0.37866666666666665
1 0.517 0.8893333333333333 0.25 0.216
1 0.292 0.5093333333333333 0.292 0.5866666666666667
1 0.156 0.3893333333333333 0.084 0.13866666666666666
1 0.062 0.4106666666666667 0.1 0.128
1 0.031 0.688 0.062 0.6186666666666667