8 0.6930000000000001 0.72 0.278 0.30933333333333335
8 0.509 0.7106666666666667 0.15 0.2906666666666667
8 0.353 0.7573333333333333 0.20600000000000002 0.368
1 0.387 0.6066666666666667 0.106 0.312
1 0.496 0.5333333333333333 0.1 0.256
1 0.6950000000000001 0.5973333333333333 0.154 0.44266666666666665
2 0.437 0.25066666666666665 0.05 0.048
2 0.438 0.292 0.056 0.088
2 0.5640000000000001 0.2573333333333333 0.052000000000000005 0.029333333333333333
2 0.583 0.296 0.062 0.07466666666666666
2 0.634 0.33999999999999997 0.076 0.09866666666666667
9 0.386 0.384 0.076 0.13333333333333333
5 0.59 0.4666666666666667 0.048 0.08533333333333333
5 0.545 0.4666666666666667 0.03 0.058666666666666666
5 0.652 0.368 0.044 0.17066666666666666
5 0.9470000000000001 0.3893333333333333 0.10200000000000001 0.224
5 0.783 0.24666666666666665 0.066 0.16266666666666665
12 0.805 0.12933333333333333 0.038 0.056
5 0.493 0.39999999999999997 0.106 0.10666666666666666