12 0.051000000000000004 0.22799999999999998 0.098 0.184
1 0.313 0.17333333333333334 0.07 0.176
1 0.198 0.23866666666666667 0.296 0.27466666666666667
1 0.34700000000000003 0.22266666666666665 0.17 0.27466666666666667
5 0.47500000000000003 0.16799999999999998 0.054 0.096
5 0.533 0.144 0.062 0.09066666666666666
5 0.798 0.10666666666666666 0.168 0.144
2 0.636 0.21466666666666667 0.232 0.22666666666666666
9 0.499 0.6426666666666666 0.998 0.7093333333333333
1 0.638 0.5826666666666667 0.68 0.4666666666666667
6 0.421 0.6986666666666667 0.638 0.24533333333333332