16 0.592 0.7972136222910218 0.812 0.3993808049535604
1 0.077 0.7244582043343654 0.07 0.18575851393188855
1 0.027 0.6780185758513932 0.038 0.09907120743034056
1 0.12 0.6640866873065016 0.016 0.06501547987616099
15 0.032 0.7894736842105263 0.044 0.10526315789473685
15 0.266 0.6006191950464397 0.064 0.09287925696594428
15 0.34400000000000003 0.5897832817337462 0.052000000000000005 0.06501547987616099
15 0.557 0.5495356037151703 0.09 0.1393188854489164
15 0.627 0.49535603715170284 0.10200000000000001 0.10526315789473685
15 0.7020000000000001 0.5495356037151703 0.14400000000000002 0.25696594427244585
15 0.884 0.5743034055727555 0.228 0.281733746130031
16 0.28700000000000003 0.7074303405572756 0.322 0.21362229102167185