10 0.521 0.7357357357357357 0.93 0.5165165165165165
10 0.447 0.4159159159159159 0.274 0.11711711711711711
1 0.708 0.3948948948948949 0.17200000000000001 0.3813813813813814
1 0.88 0.6201201201201201 0.228 0.6276276276276276
1 0.792 0.4624624624624625 0.196 0.4744744744744745
1 0.245 0.43243243243243246 0.226 0.43243243243243246
1 0.108 0.5735735735735735 0.216 0.7447447447447447
1 0.486 0.18768768768768768 0.088 0.22522522522522523
1 0.5730000000000001 0.3333333333333333 0.114 0.2882882882882883
1 0.269 0.3303303303303303 0.094 0.2822822822822823
1 0.737 0.16366366366366367 0.10200000000000001 0.2852852852852853