16 0.507 0.5405405405405406 0.67 0.6126126126126126
16 0.156 0.4219219219219219 0.312 0.23723723723723725
16 0.97 0.39789789789789787 0.056 0.14714714714714713
1 0.063 0.4144144144144144 0.122 0.34234234234234234
1 0.9380000000000001 0.4024024024024024 0.06 0.23423423423423423
16 0.17200000000000001 0.7687687687687688 0.34400000000000003 0.45645645645645644
1 0.963 0.6846846846846847 0.07 0.6246246246246246
1 0.9470000000000001 0.14564564564564564 0.026000000000000002 0.08108108108108109
1 0.793 0.14864864864864866 0.03 0.06906906906906907
1 0.759 0.13813813813813813 0.03 0.08408408408408408
1 0.729 0.13963963963963963 0.03 0.057057057057057055
1 0.676 0.13213213213213212 0.02 0.05405405405405406
1 0.537 0.12462462462462462 0.026000000000000002 0.057057057057057055
1 0.5630000000000001 0.13063063063063063 0.022 0.03903903903903904
1 0.593 0.13813813813813813 0.014 0.04204204204204204
1 0.625 0.14114114114114115 0.018000000000000002 0.04804804804804805
1 0.904 0.14864864864864866 0.024 0.06306306306306306