15 0.219 0.696 0.14200000000000002 0.128
15 0.359 0.632 0.082 0.09066666666666666
15 0.304 0.6653333333333333 0.10400000000000001 0.09866666666666667
15 0.8210000000000001 0.648 0.058 0.10133333333333333
15 0.682 0.64 0.076 0.10133333333333333
15 0.497 0.6653333333333333 0.09 0.09866666666666667
15 0.55 0.632 0.068 0.096
15 0.371 0.5573333333333333 0.066 0.058666666666666666
15 0.456 0.5599999999999999 0.036000000000000004 0.048
15 0.777 0.624 0.042 0.064
15 0.738 0.5533333333333333 0.048 0.050666666666666665
15 0.789 0.5533333333333333 0.05 0.050666666666666665
15 0.5750000000000001 0.5946666666666667 0.054 0.06933333333333333