1 0.483 0.6146666666666667 0.65 0.7653333333333333
1 0.909 0.472 0.078 0.16533333333333333
1 0.807 0.4453333333333333 0.094 0.12266666666666666
10 0.9 0.7893333333333333 0.196 0.416
10 0.75 0.5213333333333333 0.116 0.104
10 0.361 0.4706666666666667 0.08600000000000001 0.056
10 0.311 0.616 0.21 0.25066666666666665
10 0.081 0.9266666666666666 0.162 0.14133333333333334
10 0.053 0.5226666666666666 0.10200000000000001 0.14933333333333332
2 0.906 0.8186666666666667 0.184 0.35733333333333334
2 0.182 0.6066666666666667 0.17200000000000001 0.2693333333333333
2 0.3 0.4666666666666667 0.064 0.064
2 0.381 0.6293333333333333 0.166 0.2826666666666667
2 0.082 0.528 0.092 0.17066666666666666
2 0.149 0.4933333333333333 0.078 0.12266666666666666
2 0.247 0.504 0.11 0.06933333333333333
2 0.41300000000000003 0.47733333333333333 0.094 0.07466666666666666
2 0.434 0.516 0.088 0.072
2 0.852 0.5439999999999999 0.108 0.144
2 0.031 0.45466666666666666 0.062 0.013333333333333332