16 0.8300000000000001 0.7426666666666667 0.26 0.152
16 0.582 0.7426666666666667 0.28 0.152
16 0.375 0.7493333333333333 0.23 0.13333333333333333
16 0.196 0.7493333333333333 0.232 0.12266666666666666
16 0.099 0.716 0.162 0.16266666666666665
1 0.905 0.6533333333333333 0.042 0.08533333333333333
1 0.865 0.6586666666666666 0.018000000000000002 0.021333333333333333
1 0.8250000000000001 0.656 0.022 0.026666666666666665
1 0.791 0.6626666666666666 0.018000000000000002 0.024
1 0.245 0.6773333333333333 0.022 0.026666666666666665
1 0.265 0.6839999999999999 0.018000000000000002 0.024