11 0.509 0.7253333333333333 0.038 0.11733333333333333
1 0.128 0.776 0.24 0.44266666666666665
1 0.756 0.748 0.224 0.4453333333333333
1 0.618 0.6306666666666666 0.17200000000000001 0.27999999999999997
1 0.537 0.388 0.078 0.10933333333333332
1 0.057 0.6213333333333333 0.106 0.37866666666666665
1 0.23700000000000002 0.5973333333333333 0.15 0.3733333333333333
1 0.332 0.5453333333333333 0.16 0.376
1 0.429 0.39866666666666667 0.046 0.10933333333333332
1 0.47500000000000003 0.48533333333333334 0.08600000000000001 0.27199999999999996
1 0.641 0.39466666666666667 0.062 0.12266666666666666
1 0.708 0.41733333333333333 0.032 0.09866666666666667
10 0.495 0.852 0.686 0.2906666666666667
10 0.604 0.512 0.23600000000000002 0.13866666666666666
2 0.881 0.8119999999999999 0.19 0.27999999999999997
2 0.47400000000000003 0.5413333333333333 0.112 0.18133333333333332
2 0.681 0.5293333333333333 0.078 0.13066666666666665