1 0.886 0.5334224598930482 0.052000000000000005 0.15240641711229946
1 0.845 0.5320855614973262 0.038 0.1497326203208556
1 0.807 0.53475935828877 0.042 0.13903743315508021
1 0.756 0.2459893048128342 0.04 0.0641711229946524
1 0.509 0.29010695187165775 0.034 0.14171122994652405
1 0.531 0.28609625668449196 0.03 0.1443850267379679
1 0.373 0.29010695187165775 0.026000000000000002 0.13636363636363635
1 0.352 0.25267379679144386 0.024 0.04545454545454545
1 0.28800000000000003 0.2887700534759358 0.036000000000000004 0.1336898395721925
1 0.257 0.2994652406417112 0.03 0.1283422459893048
1 0.231 0.2914438502673797 0.05 0.1283422459893048
1 0.193 0.2927807486631016 0.038 0.14171122994652405
1 0.08 0.25267379679144386 0.028 0.04545454545454545
1 0.04 0.23796791443850265 0.036000000000000004 0.0748663101604278
1 0.683 0.25401069518716574 0.022 0.0320855614973262
7 0.499 0.4959893048128342 0.998 0.9919786096256684