8 0.20700000000000002 0.5480480480480481 0.11800000000000001 0.21921921921921922
8 0.402 0.5 0.044 0.12312312312312312
1 0.20700000000000002 0.45645645645645644 0.11 0.34234234234234234
1 0.317 0.44594594594594594 0.062 0.23123123123123124
1 0.395 0.46096096096096095 0.066 0.1891891891891892
8 0.315 0.49399399399399396 0.05 0.12312312312312312
1 0.527 0.4624624624624625 0.022 0.0960960960960961
1 0.501 0.46096096096096095 0.03 0.09309309309309309
1 0.438 0.43093093093093093 0.028 0.057057057057057055
1 0.59 0.46846846846846846 0.024 0.06006006006006006
1 0.562 0.46396396396396394 0.024 0.06906906906906907
1 0.609 0.47147147147147145 0.022 0.07207207207207207