10 0.499 0.6679999999999999 0.526 0.49866666666666665
1 0.362 0.3773333333333333 0.088 0.23199999999999998
1 0.462 0.4093333333333333 0.128 0.2693333333333333
1 0.584 0.412 0.136 0.2853333333333333
1 0.6890000000000001 0.4453333333333333 0.166 0.27199999999999996
1 0.775 0.46799999999999997 0.106 0.24266666666666667
1 0.776 0.6906666666666667 0.404 0.6133333333333333
1 0.07 0.484 0.14 0.4613333333333333
1 0.17400000000000002 0.43066666666666664 0.196 0.408
1 0.374 0.6546666666666666 0.436 0.6693333333333333
2 0.07100000000000001 0.7813333333333333 0.14200000000000002 0.42133333333333334
2 0.293 0.8306666666666667 0.202 0.3333333333333333
2 0.106 0.8053333333333333 0.112 0.37866666666666665