2 0.17500000000000002 0.37466666666666665 0.098 0.072
2 0.34500000000000003 0.39066666666666666 0.066 0.12533333333333332
2 0.379 0.42266666666666663 0.074 0.12
2 0.463 0.4493333333333333 0.078 0.13599999999999998
2 0.538 0.5 0.084 0.14666666666666667
2 0.402 0.7733333333333333 0.276 0.448
2 0.167 0.7333333333333333 0.27 0.5173333333333333
2 0.138 0.564 0.136 0.30133333333333334
2 0.073 0.5293333333333333 0.094 0.35466666666666663
10 0.262 0.6973333333333334 0.336 0.6
12 0.8130000000000001 0.32266666666666666 0.08600000000000001 0.096