19 0.597 0.8586666666666667 0.798 0.18133333333333332
16 0.964 0.956 0.068 0.08266666666666667
16 0.919 0.9266666666666666 0.058 0.04
16 0.771 0.9493333333333333 0.354 0.096
16 0.7030000000000001 0.9053333333333333 0.358 0.16799999999999998
16 0.485 0.956 0.134 0.08266666666666667
16 0.28700000000000003 0.9573333333333333 0.34600000000000003 0.08
16 0.39 0.9466666666666667 0.044 0.048
16 0.10300000000000001 0.964 0.186 0.06666666666666667
16 0.032 0.9586666666666667 0.064 0.07733333333333334
1 0.303 0.8746666666666666 0.038 0.048