1 0.398 0.616 0.792 0.7626666666666666
1 0.401 0.6213333333333333 0.25 0.752
1 0.423 0.45199999999999996 0.33 0.6213333333333333
1 0.6980000000000001 0.3853333333333333 0.34400000000000003 0.424
1 0.708 0.584 0.384 0.8266666666666667
1 0.9530000000000001 0.724 0.09 0.5466666666666666
11 0.152 0.652 0.056 0.27999999999999997
11 0.458 0.872 0.048 0.18666666666666665
11 0.8130000000000001 0.304 0.046 0.16
11 0.322 0.164 0.064 0.14133333333333334
11 0.483 0.42 0.038 0.12533333333333332
11 0.561 0.6733333333333333 0.074 0.17866666666666667
11 0.073 0.8626666666666667 0.078 0.11466666666666667