16 0.5015015015015015 0.705 0.8648648648648649 0.306
16 0.07357357357357357 0.526 0.14714714714714713 0.084
16 0.018018018018018018 0.418 0.036036036036036036 0.02
16 0.05405405405405406 0.41300000000000003 0.06006006006006006 0.018000000000000002
16 0.09309309309309309 0.41100000000000003 0.04804804804804805 0.014
16 0.3483483483483483 0.41300000000000003 0.15615615615615616 0.042
16 0.46096096096096095 0.41000000000000003 0.17717717717717718 0.036000000000000004
16 0.542042042042042 0.391 0.06906906906906907 0.022
16 0.6216216216216216 0.40900000000000003 0.16216216216216217 0.038
16 0.7237237237237237 0.40800000000000003 0.12612612612612611 0.044
16 0.8078078078078078 0.41100000000000003 0.15615615615615616 0.042
16 0.9279279279279279 0.403 0.13813813813813813 0.066
16 0.9729729729729729 0.422 0.04804804804804805 0.036000000000000004