8 0.912 0.7110778443113773 0.17200000000000001 0.2964071856287425
8 0.626 0.657185628742515 0.228 0.26646706586826346
8 0.683 0.658682634730539 0.234 0.251497005988024
8 0.419 0.6347305389221557 0.202 0.2634730538922156
8 0.355 0.561377245508982 0.17 0.20059880239520958
8 0.209 0.5389221556886228 0.178 0.2634730538922156
8 0.052000000000000005 0.46107784431137727 0.1 0.19760479041916168
1 0.049 0.35778443113772457 0.098 0.24850299401197606
1 0.228 0.438622754491018 0.136 0.3203592814371258
1 0.35000000000000003 0.4476047904191617 0.10400000000000001 0.23652694610778444
1 0.446 0.5299401197604791 0.14 0.32335329341317365
1 0.638 0.5389221556886228 0.152 0.28742514970059885
1 0.707 0.5464071856287426 0.14200000000000002 0.3083832335329342
1 0.9410000000000001 0.6392215568862276 0.114 0.3323353293413174
1 0.675 0.13323353293413173 0.062 0.1287425149700599
1 0.601 0.1287425149700599 0.066 0.11377245508982037
1 0.506 0.11077844311377247 0.07200000000000001 0.125748502994012