10 0.527 0.9066666666666666 0.686 0.176
11 0.147 0.48933333333333334 0.026000000000000002 0.07733333333333334
11 0.548 0.8106666666666666 0.06 0.256
11 0.613 0.9266666666666666 0.034 0.14133333333333334
11 0.5640000000000001 0.9173333333333333 0.036000000000000004 0.16
10 0.196 0.624 0.216 0.23466666666666666
2 0.23700000000000002 0.6346666666666666 0.122 0.25066666666666665
2 0.095 0.6453333333333333 0.146 0.24533333333333332
2 0.878 0.8666666666666666 0.216 0.2613333333333333
2 0.362 0.7919999999999999 0.2 0.17066666666666666
2 0.291 0.5813333333333334 0.054 0.21866666666666665
2 0.037 0.756 0.062 0.344