2 0.846 0.7959999999999999 0.12 0.216
2 0.657 0.8026666666666666 0.126 0.24
2 0.709 0.6613333333333333 0.098 0.08533333333333333
2 0.33 0.6986666666666667 0.084 0.14933333333333332
2 0.484 0.7226666666666667 0.1 0.17066666666666666
2 0.555 0.6893333333333334 0.062 0.16266666666666665
8 0.809 0.6 0.082 0.06933333333333333
8 0.554 0.616 0.128 0.10666666666666666
2 0.049 0.6853333333333333 0.07 0.11733333333333333
2 0.296 0.6346666666666666 0.052000000000000005 0.10133333333333333
2 0.341 0.6186666666666667 0.046 0.10666666666666666
2 0.262 0.6106666666666667 0.04 0.096