10 0.492 0.7346666666666667 0.984 0.5253333333333333
10 0.9510000000000001 0.3 0.094 0.15733333333333333
10 0.367 0.37466666666666665 0.442 0.18933333333333333
2 0.718 0.9319999999999999 0.36 0.13066666666666665
2 0.9580000000000001 0.5559999999999999 0.08 0.264
2 0.735 0.4373333333333333 0.166 0.10666666666666666
2 0.462 0.4373333333333333 0.152 0.10666666666666666
2 0.158 0.48133333333333334 0.16 0.13599999999999998
2 0.047 0.44 0.07 0.22933333333333333
2 0.033 0.30266666666666664 0.046 0.034666666666666665
2 0.135 0.3373333333333333 0.07 0.152
2 0.211 0.4013333333333333 0.138 0.12533333333333332
2 0.441 0.408 0.13 0.128
2 0.632 0.384 0.084 0.16533333333333333
2 0.6900000000000001 0.3333333333333333 0.036000000000000004 0.11733333333333333
2 0.637 0.2813333333333333 0.07 0.056
2 0.506 0.2693333333333333 0.064 0.05333333333333333
2 0.297 0.26666666666666666 0.08600000000000001 0.03733333333333333
2 0.8200000000000001 0.36133333333333334 0.088 0.2533333333333333
2 0.909 0.39199999999999996 0.094 0.2773333333333333
2 0.8130000000000001 0.25466666666666665 0.038 0.07733333333333334
2 0.9 0.23333333333333334 0.08 0.04