16 0.514 0.6696696696696697 0.384 0.27627627627627627
16 0.6930000000000001 0.47597597597597596 0.154 0.2132132132132132
16 0.161 0.527027027027027 0.318 0.1831831831831832
16 0.354 0.25225225225225223 0.18 0.13813813813813813
16 0.544 0.2072072072072072 0.168 0.11411411411411411
16 0.751 0.2852852852852853 0.19 0.13813813813813813
1 0.47600000000000003 0.41291291291291293 0.036000000000000004 0.16516516516516516
1 0.9 0.3213213213213213 0.04 0.14414414414414414
1 0.9560000000000001 0.3078078078078078 0.04 0.1111111111111111
1 0.884 0.6441441441441441 0.07200000000000001 0.1831831831831832
1 0.9390000000000001 0.6621621621621622 0.082 0.2012012012012012
1 0.39 0.3783783783783784 0.028 0.15615615615615616
1 0.362 0.3708708708708709 0.032 0.12912912912912913