17 0.26 0.842925659472422 0.156 0.0935251798561151
17 0.26 0.9376498800959232 0.152 0.08633093525179855
17 0.652 0.9292565947242205 0.152 0.0935251798561151
17 0.656 0.8285371702637889 0.152 0.10311750599520383
17 0.527 0.7134292565947242 0.05 0.09832134292565947
17 0.767 0.3980815347721822 0.11 0.0671462829736211
17 0.736 0.30095923261390883 0.076 0.08872901678657073
17 0.847 0.15827338129496402 0.11 0.08153477218225419
17 0.782 0.1330935251798561 0.06 0.11750599520383692
17 0.529 0.23261390887290168 0.10200000000000001 0.07194244604316546
17 0.181 0.17985611510791366 0.122 0.09592326139088728
17 0.077 0.3069544364508393 0.07 0.05755395683453237