10 0.977 0.7657657657657657 0.042 0.3663663663663664
10 0.315 0.49399399399399396 0.626 0.4114114114114114
11 0.444 0.23273273273273273 0.04 0.16516516516516516
11 0.361 0.3048048048048048 0.042 0.2072072072072072
11 0.386 0.2957957957957958 0.04 0.2132132132132132
11 0.105 0.4189189189189189 0.054 0.24324324324324323
11 0.055 0.4069069069069069 0.038 0.22522522522522523
11 0.135 0.3708708708708709 0.054 0.1891891891891892
2 0.658 0.3588588588588589 0.07200000000000001 0.16516516516516516
2 0.617 0.42792792792792794 0.098 0.2012012012012012
2 0.495 0.5885885885885885 0.098 0.42042042042042044
2 0.384 0.5105105105105106 0.116 0.13813813813813813
2 0.843 0.48648648648648646 0.042 0.036036036036036036
2 0.923 0.5285285285285285 0.09 0.3003003003003003
2 0.971 0.46096096096096095 0.054 0.3033033033033033
2 0.975 0.2972972972972973 0.046 0.06006006006006006
1 0.754 0.566066066066066 0.452 0.8618618618618619
1 0.23700000000000002 0.5735735735735735 0.462 0.8348348348348348