6 0.518 0.5936555891238671 0.292 0.6555891238670695
6 0.774 0.2190332326283988 0.152 0.23867069486404835
6 0.934 0.311178247734139 0.128 0.2537764350453172
6 0.877 0.13746223564954682 0.114 0.1903323262839879
1 0.648 0.2039274924471299 0.132 0.4078549848942598
1 0.562 0.1555891238670695 0.052000000000000005 0.311178247734139
1 0.466 0.20694864048338368 0.196 0.41389728096676737
1 0.115 0.4954682779456193 0.23 0.9909365558912386
1 0.18 0.1510574018126888 0.084 0.3021148036253776
1 0.275 0.09818731117824774 0.10200000000000001 0.19637462235649547
6 0.109 0.18580060422960726 0.07 0.1903323262839879