16 0.08600000000000001 0.8979118329466357 0.064 0.07424593967517401
16 0.551 0.9280742459396751 0.158 0.11136890951276102
16 0.637 0.9466357308584686 0.14200000000000002 0.08816705336426914
16 0.754 0.9501160092807425 0.26 0.0951276102088167
16 0.448 0.931554524361949 0.06 0.06264501160092807
16 0.41300000000000003 0.9222737819025522 0.10200000000000001 0.08584686774941995
16 0.34600000000000003 0.9234338747099767 0.068 0.06960556844547564
16 0.308 0.9176334106728538 0.088 0.06728538283062645
16 0.255 0.9129930394431555 0.082 0.06264501160092807
16 0.188 0.9106728538283062 0.064 0.05336426914153132
16 0.158 0.9095127610208816 0.028 0.05104408352668213
16 0.14100000000000001 0.9060324825986078 0.046 0.058004640371229696