9 0.506 0.48036253776435045 0.588 0.5317220543806647
9 0.179 0.6676737160120846 0.358 0.6586102719033232
10 0.644 0.5181268882175226 0.17200000000000001 0.32326283987915405
10 0.803 0.9123867069486404 0.39 0.1691842900302115
10 0.884 0.7145015105740181 0.228 0.2326283987915408
10 0.9450000000000001 0.5740181268882175 0.106 0.07250755287009064
10 0.092 0.649546827794562 0.184 0.27794561933534745
1 0.22 0.6178247734138973 0.192 0.7039274924471299
2 0.584 0.8429003021148036 0.176 0.3081570996978852
2 0.747 0.7311178247734139 0.134 0.39274924471299094
2 0.9390000000000001 0.48489425981873113 0.11 0.17220543806646527
2 0.983 0.3504531722054381 0.03 0.14501510574018128
2 0.736 0.1661631419939577 0.048 0.09667673716012085
2 0.652 0.13897280966767372 0.044 0.09667673716012085
2 0.865 0.1540785498489426 0.05 0.060422960725075525
2 0.745 0.1404833836858006 0.046 0.0755287009063444