1 0.557 0.4351851851851852 0.454 0.4444444444444444
18 0.633 0.654320987654321 0.602 0.5740740740740741
1 0.867 0.5 0.062 0.20987654320987653
1 0.802 0.4228395061728395 0.068 0.14814814814814814
1 0.804 0.5509259259259259 0.052000000000000005 0.10802469135802469
1 0.856 0.37191358024691357 0.06 0.10802469135802469
1 0.165 0.4506172839506173 0.066 0.19135802469135801
1 0.11 0.4922839506172839 0.048 0.17592592592592593
1 0.041 0.5262345679012346 0.066 0.3734567901234568
1 0.297 0.478395061728395 0.062 0.16049382716049382
1 0.244 0.44753086419753085 0.064 0.1728395061728395
1 0.20800000000000002 0.6496913580246914 0.132 0.16975308641975306