16 0.145 0.7747747747747747 0.29 0.4264264264264264
16 0.343 0.6651651651651651 0.374 0.2732732732732733
16 0.546 0.5840840840840841 0.24 0.17117117117117117
16 0.635 0.5615615615615616 0.202 0.15015015015015015
16 0.755 0.5315315315315315 0.082 0.0960960960960961
16 0.799 0.5195195195195195 0.054 0.07807807807807808
16 0.8230000000000001 0.4984984984984985 0.034 0.06606606606606606
1 0.869 0.5675675675675675 0.066 0.24024024024024024
1 0.889 0.5330330330330331 0.038 0.23123123123123124
1 0.341 0.6081081081081081 0.078 0.09309309309309309
1 0.558 0.5570570570570571 0.04 0.07507507507507508
1 0.646 0.5330330330330331 0.032 0.06306306306306306