18 0.48 0.5261044176706827 0.88 0.9036144578313252
1 0.305 0.10441767068273092 0.038 0.1004016064257028
1 0.493 0.107429718875502 0.046 0.1144578313253012
1 0.457 0.08433734939759036 0.038 0.08433734939759036
1 0.422 0.10441767068273092 0.032 0.12048192771084336
1 0.176 0.1144578313253012 0.04 0.09236947791164658
1 0.10200000000000001 0.12048192771084336 0.036000000000000004 0.08835341365461846
1 0.613 0.09839357429718874 0.034 0.10441767068273092
1 0.659 0.09738955823293172 0.026000000000000002 0.09839357429718874
1 0.746 0.10441767068273092 0.04 0.11244979919678713
1 0.767 0.09437751004016064 0.03 0.10843373493975902
1 0.811 0.10843373493975902 0.042 0.11646586345381525
1 0.967 0.1285140562248996 0.022 0.11646586345381525
1 0.011 0.10542168674698794 0.022 0.07831325301204818