1 0.9564564564564565 0.379 0.04504504504504504 0.094
1 0.8108108108108109 0.40700000000000003 0.07807807807807808 0.05
1 0.6876876876876877 0.41100000000000003 0.06006006006006006 0.054
1 0.6066066066066066 0.394 0.06006006006006006 0.088
1 0.34384384384384387 0.39 0.06306306306306306 0.1
1 0.3993993993993994 0.399 0.05405405405405406 0.09
1 0.2822822822822823 0.398 0.05405405405405406 0.10400000000000001
1 0.23273273273273273 0.392 0.06306306306306306 0.116
1 0.14414414414414414 0.401 0.04804804804804805 0.106
1 0.1036036036036036 0.40800000000000003 0.04504504504504504 0.124
1 0.024024024024024024 0.431 0.036036036036036036 0.098
1 0.05555555555555555 0.42 0.04504504504504504 0.064
1 0.8723723723723724 0.511 0.16516516516516516 0.166
1 0.515015015015015 0.538 0.10510510510510511 0.08
1 0.7147147147147147 0.755 0.25825825825825827 0.054
1 0.34384384384384387 0.47800000000000004 0.12312312312312312 0.12
1 0.40540540540540543 0.457 0.09009009009009009 0.078
1 0.21171171171171171 0.527 0.12312312312312312 0.11
1 0.2747747747747748 0.596 0.13513513513513514 0.16
8 0.5255255255255256 0.748 0.1921921921921922 0.08
8 0.6471471471471472 0.603 0.17117117117117117 0.026000000000000002
8 0.27177177177177175 0.663 0.09309309309309309 0.134
8 0.4009009009009009 0.541 0.057057057057057055 0.106
8 0.33183183183183185 0.548 0.0990990990990991 0.112
8 0.8633633633633634 0.581 0.19519519519519518 0.07