9 0.5730000000000001 0.6666666666666666 0.85 0.6026666666666667
1 0.278 0.42666666666666664 0.292 0.5333333333333333
11 0.215 0.8146666666666667 0.05 0.19999999999999998
11 0.249 0.7999999999999999 0.038 0.176
11 0.263 0.7626666666666666 0.038 0.17066666666666666
11 0.314 0.7773333333333333 0.052000000000000005 0.17866666666666667
11 0.325 0.7266666666666667 0.038 0.17866666666666667
11 0.221 0.6893333333333334 0.03 0.06666666666666667
11 0.182 0.6679999999999999 0.032 0.072
11 0.14300000000000002 0.6586666666666666 0.034 0.08
11 0.093 0.6026666666666667 0.038 0.18133333333333332
11 0.084 0.6586666666666666 0.04 0.08533333333333333
11 0.034 0.6906666666666667 0.032 0.18133333333333332