16 0.492 0.5266666666666666 0.9 0.6799999999999999
16 0.8210000000000001 0.13466666666666666 0.126 0.06666666666666667
16 0.673 0.13333333333333333 0.186 0.07466666666666666
16 0.779 0.3413333333333333 0.438 0.3413333333333333
16 0.517 0.14933333333333332 0.178 0.09066666666666666
16 0.256 0.19733333333333333 0.256 0.15466666666666667
16 0.065 0.24933333333333332 0.13 0.216
16 0.057 0.13599999999999998 0.114 0.10133333333333333
16 0.163 0.13333333333333333 0.114 0.09066666666666666
16 0.302 0.108 0.124 0.050666666666666665
16 0.5710000000000001 0.10933333333333332 0.09 0.064
16 0.039 0.8226666666666667 0.078 0.34933333333333333
1 0.9520000000000001 0.15333333333333332 0.092 0.24266666666666667
1 0.877 0.09333333333333332 0.026000000000000002 0.064
1 0.846 0.08133333333333333 0.032 0.050666666666666665
1 0.776 0.08533333333333333 0.044 0.06933333333333333
1 0.736 0.08666666666666667 0.04 0.07733333333333334
1 0.7020000000000001 0.07066666666666667 0.008 0.034666666666666665
1 0.684 0.072 0.032 0.058666666666666666
1 0.577 0.06666666666666667 0.022 0.032
1 0.502 0.06266666666666666 0.02 0.034666666666666665
1 0.538 0.06133333333333333 0.028 0.032
1 0.401 0.104 0.082 0.13866666666666666