11 0.33 0.19599999999999998 0.06 0.264
11 0.40800000000000003 0.17066666666666666 0.08 0.33599999999999997
11 0.491 0.16933333333333334 0.078 0.3333333333333333
11 0.5750000000000001 0.16933333333333334 0.082 0.33866666666666667
11 0.662 0.16799999999999998 0.08 0.33066666666666666
11 0.745 0.16799999999999998 0.082 0.33599999999999997
11 0.8300000000000001 0.17066666666666666 0.08 0.33599999999999997
11 0.908 0.16666666666666666 0.068 0.3333333333333333
11 0.971 0.16533333333333333 0.054 0.33066666666666666
11 0.074 0.7333333333333333 0.136 0.512
11 0.189 0.7293333333333333 0.134 0.49866666666666665
11 0.223 0.5653333333333334 0.078 0.2826666666666667
11 0.305 0.7053333333333333 0.122 0.5093333333333333
11 0.34600000000000003 0.508 0.07200000000000001 0.16799999999999998
11 0.422 0.7186666666666667 0.116 0.5146666666666666
11 0.453 0.4693333333333333 0.042 0.096
11 0.496 0.5439999999999999 0.052000000000000005 0.192
11 0.5740000000000001 0.4693333333333333 0.04 0.128
11 0.595 0.536 0.07 0.18666666666666665
11 0.712 0.5413333333333333 0.068 0.19733333333333333
11 0.714 0.496 0.084 0.20266666666666666
11 0.8280000000000001 0.512 0.07200000000000001 0.24
11 0.9540000000000001 0.4933333333333333 0.088 0.208
11 0.529 0.7213333333333333 0.11800000000000001 0.49866666666666665
11 0.643 0.72 0.11 0.5013333333333333
11 0.762 0.7226666666666667 0.12 0.49066666666666664
11 0.88 0.7013333333333334 0.12 0.5386666666666666
11 0.966 0.7253333333333333 0.064 0.49066666666666664