2 0.789 0.828 0.25 0.33866666666666667
2 0.395 0.6893333333333334 0.166 0.296
2 0.305 0.644 0.14200000000000002 0.2533333333333333
2 0.215 0.596 0.11800000000000001 0.23199999999999998
2 0.163 0.5573333333333333 0.10200000000000001 0.18666666666666665
2 0.079 0.5306666666666666 0.114 0.176
2 0.037 0.5093333333333333 0.074 0.15466666666666667
12 0.085 0.3813333333333333 0.026000000000000002 0.06933333333333333
12 0.107 0.388 0.026000000000000002 0.07733333333333334
12 0.146 0.39066666666666666 0.052000000000000005 0.07733333333333334
12 0.191 0.39866666666666667 0.042 0.088
12 0.227 0.4066666666666667 0.058 0.09866666666666667
12 0.291 0.42 0.08600000000000001 0.10933333333333332
12 0.39 0.4333333333333333 0.088 0.12533333333333332
12 0.486 0.45866666666666667 0.116 0.13866666666666666
12 0.664 0.5 0.14400000000000002 0.184
12 0.883 0.5413333333333333 0.202 0.21866666666666665