1 0.904 0.3933333333333333 0.116 0.30133333333333334
14 0.549 0.38 0.11800000000000001 0.09866666666666667
14 0.385 0.372 0.15 0.10933333333333332
14 0.34500000000000003 0.43066666666666664 0.17400000000000002 0.07733333333333334
14 0.078 0.476 0.1 0.07733333333333334
14 0.52 0.7253333333333333 0.488 0.416
14 0.263 0.852 0.454 0.2906666666666667
14 0.886 0.768 0.224 0.45866666666666667
14 0.14300000000000002 0.652 0.278 0.35466666666666663
14 0.523 0.9133333333333333 0.47000000000000003 0.16799999999999998
14 0.746 0.516 0.312 0.21066666666666667
14 0.591 0.508 0.13 0.09333333333333332