19 0.219 0.504 0.43 0.9866666666666666
19 0.45 0.4973333333333333 0.092 0.43466666666666665
16 0.932 0.872 0.132 0.25066666666666665
16 0.81 0.6906666666666667 0.22 0.20266666666666666
16 0.62 0.8039999999999999 0.22 0.30666666666666664
16 0.583 0.64 0.154 0.15466666666666667
16 0.5750000000000001 0.5453333333333333 0.09 0.06133333333333333
16 0.5650000000000001 0.504 0.074 0.064
16 0.59 0.48 0.056 0.058666666666666666
16 0.741 0.5946666666666667 0.122 0.13333333333333333
16 0.684 0.5386666666666666 0.092 0.10133333333333333
16 0.673 0.47333333333333333 0.054 0.029333333333333333
1 0.774 0.476 0.024 0.08266666666666667
1 0.676 0.4373333333333333 0.02 0.026666666666666665