8 0.291 0.4339339339339339 0.126 0.3813813813813814
8 0.395 0.575075075075075 0.14200000000000002 0.4114114114114114
8 0.595 0.6111111111111112 0.154 0.36936936936936937
8 0.728 0.38738738738738737 0.112 0.3303303303303303
8 0.493 0.45045045045045046 0.122 0.3063063063063063
8 0.8230000000000001 0.2627627627627628 0.074 0.24924924924924924
1 0.754 0.26726726726726724 0.176 0.45045045045045046
1 0.86 0.17717717717717718 0.12 0.35435435435435436
1 0.608 0.47147147147147145 0.196 0.4984984984984985
1 0.419 0.4369369369369369 0.182 0.5795795795795796
1 0.531 0.2897897897897898 0.114 0.45345345345345345
1 0.612 0.15165165165165165 0.10400000000000001 0.26726726726726724
1 0.432 0.07357357357357357 0.152 0.14714714714714713
1 0.34500000000000003 0.24774774774774774 0.186 0.36336336336336333
1 0.557 0.03303303303303303 0.15 0.06606606606606606