18 0.891 0.7083333333333333 0.126 0.23809523809523808
18 0.588 0.875 0.2 0.23214285714285712
18 0.41200000000000003 0.7782738095238095 0.1 0.2708333333333333
18 0.157 0.7633928571428571 0.106 0.20535714285714285
16 0.372 0.5788690476190476 0.248 0.25297619047619047
16 0.029 0.5639880952380952 0.03 0.14583333333333331
1 0.89 0.5788690476190476 0.14 0.33035714285714285
1 0.593 0.6964285714285714 0.182 0.5476190476190476
1 0.41100000000000003 0.6175595238095237 0.158 0.40178571428571425
1 0.151 0.6324404761904762 0.13 0.3720238095238095
1 0.168 0.6071428571428571 0.14 0.369047619047619
1 0.075 0.5267857142857143 0.038 0.13095238095238093
1 0.046 0.5208333333333333 0.04 0.13095238095238093