15 0.673 0.5362537764350453 0.222 0.3776435045317221
15 0.53 0.5513595166163142 0.272 0.4259818731117825
15 0.433 0.5800604229607251 0.298 0.4108761329305136
15 0.389 0.702416918429003 0.406 0.5709969788519638
15 0.273 0.7205438066465257 0.382 0.552870090634441
1 0.163 0.49697885196374625 0.326 0.9939577039274925
1 0.655 0.24773413897280966 0.178 0.3987915407854985
1 0.844 0.35347432024169184 0.128 0.5861027190332326
1 0.975 0.4743202416918429 0.046 0.9244712990936556
1 0.36 0.25075528700906347 0.132 0.4652567975830816
1 0.23600000000000002 0.2598187311178248 0.12 0.42900302114803623
15 0.87 0.8595166163141994 0.256 0.27492447129909364