1 0.587 0.604 0.586 0.7866666666666666
1 0.768 0.4453333333333333 0.18 0.5226666666666666
1 0.126 0.6506666666666666 0.252 0.6933333333333334
1 0.9440000000000001 0.868 0.108 0.25866666666666666
1 0.915 0.5866666666666667 0.166 0.5813333333333334
1 0.991 0.08933333333333333 0.014 0.16266666666666665
1 0.9400000000000001 0.08533333333333333 0.044 0.17066666666666666
1 0.883 0.088 0.054 0.176
1 0.807 0.08399999999999999 0.038 0.16799999999999998
1 0.536 0.11466666666666667 0.052000000000000005 0.176
1 0.41200000000000003 0.13066666666666665 0.028 0.17066666666666666
1 0.264 0.21866666666666665 0.024 0.128
1 0.23600000000000002 0.22799999999999998 0.024 0.12
1 0.214 0.23066666666666666 0.016 0.104
1 0.054 0.42 0.108 0.296