17 0.752 0.9186666666666666 0.12 0.14133333333333334
17 0.88 0.9186666666666666 0.06 0.09333333333333332
17 0.984 0.9453333333333332 0.028 0.09333333333333332
17 0.505 0.9426666666666667 0.062 0.09333333333333332
17 0.614 0.9493333333333333 0.124 0.08
1 0.402 0.592 0.256 0.5493333333333333
1 0.352 0.24933333333333332 0.16 0.4666666666666667
1 0.113 0.16 0.07 0.2773333333333333
1 0.164 0.15733333333333333 0.084 0.304
1 0.049 0.13733333333333334 0.094 0.25866666666666666
17 0.088 0.9693333333333333 0.088 0.056
1 0.988 0.03733333333333333 0.02 0.064
1 0.964 0.03333333333333333 0.016 0.06666666666666667
1 0.9490000000000001 0.03866666666666667 0.022 0.07733333333333334
1 0.926 0.04 0.036000000000000004 0.08