10 0.26 0.8168539325842697 0.52 0.3617977528089888
2 0.388 0.7337078651685394 0.156 0.150561797752809
2 0.219 0.6898876404494383 0.098 0.12134831460674159
2 0.924 0.7438202247191011 0.148 0.19325842696629214
2 0.9420000000000001 0.6370786516853933 0.10400000000000001 0.04269662921348315
2 0.9430000000000001 0.6292134831460675 0.106 0.04943820224719102
2 0.9390000000000001 0.6168539325842697 0.094 0.05168539325842697
5 0.735 0.5887640449438203 0.038 0.09887640449438204
5 0.341 0.5674157303370787 0.134 0.352808988764045
5 0.251 0.5078651685393258 0.066 0.08988764044943821
12 0.116 0.5067415730337079 0.036000000000000004 0.06067415730337079