2 0.3 0.7373333333333333 0.23600000000000002 0.33866666666666667
2 0.077 0.8893333333333333 0.14200000000000002 0.216
2 0.148 0.6706666666666666 0.184 0.2853333333333333
2 0.461 0.5466666666666666 0.10200000000000001 0.17066666666666666
2 0.5650000000000001 0.6306666666666666 0.146 0.216
2 0.583 0.476 0.066 0.06133333333333333
2 0.65 0.5266666666666666 0.1 0.10933333333333332
2 0.667 0.45466666666666666 0.07 0.050666666666666665
2 0.706 0.448 0.04 0.05333333333333333
2 0.74 0.46399999999999997 0.036000000000000004 0.032
2 0.789 0.5266666666666666 0.094 0.13066666666666665
2 0.933 0.4746666666666666 0.074 0.09066666666666666
2 0.861 0.472 0.038 0.07466666666666666