19 0.557 0.34933333333333333 0.298 0.5439999999999999
19 0.717 0.050666666666666665 0.362 0.10133333333333333
16 0.769 0.14666666666666667 0.266 0.18666666666666665
16 0.417 0.25866666666666666 0.134 0.16533333333333333
16 0.318 0.15866666666666665 0.34800000000000003 0.16799999999999998
16 0.122 0.224 0.24 0.192
16 0.29 0.5519999999999999 0.404 0.33066666666666666
1 0.41000000000000003 0.39466666666666667 0.044 0.208
1 0.292 0.33999999999999997 0.044 0.11466666666666667
1 0.158 0.688 0.084 0.2826666666666667
1 0.059000000000000004 0.64 0.062 0.2826666666666667
1 0.313 0.04133333333333333 0.042 0.08266666666666667