1 0.605 0.6413333333333333 0.362 0.712
1 0.6910000000000001 0.5266666666666666 0.322 0.9413333333333334
1 0.428 0.5266666666666666 0.248 0.9413333333333334
1 0.058 0.5146666666666666 0.116 0.9653333333333333
1 0.106 0.30533333333333335 0.14 0.6106666666666667
1 0.27 0.26 0.16 0.52
1 0.537 0.164 0.126 0.328
1 0.438 0.042666666666666665 0.084 0.08533333333333333
1 0.682 0.12933333333333333 0.084 0.25866666666666666
1 0.769 0.12266666666666666 0.11800000000000001 0.24533333333333332
1 0.863 0.08533333333333333 0.138 0.17066666666666666