8 0.492 0.45066666666666666 0.268 0.29866666666666664
16 0.612 0.7946666666666666 0.644 0.4053333333333333
1 0.247 0.6733333333333333 0.07 0.296
1 0.17300000000000001 0.6826666666666666 0.062 0.27199999999999996
1 0.108 0.6933333333333334 0.068 0.27199999999999996
1 0.964 0.6293333333333333 0.068 0.2613333333333333
1 0.019 0.6973333333333334 0.038 0.2693333333333333
1 0.297 0.628 0.038 0.09866666666666667
1 0.338 0.5933333333333333 0.028 0.07733333333333334
1 0.386 0.5706666666666667 0.04 0.05333333333333333
1 0.535 0.36533333333333334 0.17 0.29866666666666664