18 0.111 0.5694864048338368 0.222 0.2809667673716012
18 0.453 0.5 0.254 0.31722054380664655
18 0.7030000000000001 0.4637462235649547 0.11800000000000001 0.25075528700906347
18 0.77 0.4259818731117825 0.08 0.18126888217522658
18 0.652 0.40181268882175225 0.06 0.1933534743202417
1 0.052000000000000005 0.40181268882175225 0.10400000000000001 0.37462235649546827
1 0.461 0.39123867069486407 0.122 0.36555891238670696
1 0.512 0.270392749244713 0.096 0.1540785498489426
1 0.653 0.26132930513595165 0.07 0.11782477341389729
1 0.707 0.37462235649546827 0.126 0.338368580060423
1 0.791 0.35196374622356497 0.09 0.27492447129909364
1 0.626 0.19939577039274925 0.036000000000000004 0.1148036253776435
1 0.40700000000000003 0.19637462235649547 0.022 0.10876132930513595
16 0.066 0.17371601208459214 0.08 0.10574018126888217
18 0.847 0.19637462235649547 0.03 0.060422960725075525
18 0.879 0.20694864048338368 0.034 0.06948640483383686
18 0.909 0.2039274924471299 0.026000000000000002 0.05740181268882175
18 0.934 0.2084592145015106 0.036000000000000004 0.06646525679758308
16 0.253 0.1646525679758308 0.038 0.0513595166163142