2 0.863 0.8146666666666667 0.158 0.36533333333333334
2 0.661 0.7426666666666667 0.146 0.32266666666666666
2 0.377 0.736 0.162 0.33599999999999997
2 0.357 0.7026666666666667 0.114 0.3173333333333333
2 0.20500000000000002 0.9506666666666667 0.13 0.09333333333333332
2 0.121 0.7879999999999999 0.182 0.296
2 0.502 0.5853333333333333 0.056 0.22133333333333333
2 0.556 0.572 0.052000000000000005 0.20533333333333334
10 0.273 0.6973333333333334 0.23800000000000002 0.43466666666666665
10 0.8 0.592 0.17200000000000001 0.176
1 0.41500000000000004 0.52 0.106 0.208
1 0.462 0.4666666666666667 0.076 0.176
1 0.376 0.436 0.076 0.11466666666666667
1 0.28800000000000003 0.4573333333333333 0.1 0.14666666666666667
1 0.219 0.4533333333333333 0.09 0.176
1 0.167 0.4413333333333333 0.09 0.056
1 0.176 0.5546666666666666 0.068 0.14933333333333332
1 0.113 0.4706666666666667 0.038 0.088
1 0.132 0.6533333333333333 0.248 0.5546666666666666
1 0.609 0.4573333333333333 0.058 0.13599999999999998
1 0.64 0.48133333333333334 0.108 0.15733333333333333
1 0.705 0.6573333333333333 0.158 0.41866666666666663
1 0.968 0.6453333333333333 0.06 0.3893333333333333
1 0.8320000000000001 0.6893333333333334 0.248 0.5519999999999999