14 0.11800000000000001 0.5825825825825826 0.232 0.24624624624624625
14 0.686 0.8063063063063063 0.324 0.3813813813813814
14 0.45 0.6666666666666666 0.176 0.36036036036036034
14 0.329 0.6156156156156156 0.122 0.16816816816816815
7 0.796 0.3768768768768769 0.23600000000000002 0.30930930930930933
7 0.5740000000000001 0.35135135135135137 0.2 0.24624624624624625
7 0.376 0.33933933933933935 0.168 0.21621621621621623
7 0.273 0.3813813813813814 0.09 0.12612612612612611
7 0.055 0.35735735735735735 0.106 0.1021021021021021
7 0.28700000000000003 0.12762762762762764 0.074 0.04504504504504504
7 0.498 0.14414414414414414 0.052000000000000005 0.036036036036036036
7 0.9450000000000001 0.33483483483483484 0.106 0.06306306306306306
1 0.216 0.6981981981981982 0.076 0.30930930930930933