10 0.728 0.5210843373493976 0.28400000000000003 0.16265060240963855
10 0.663 0.4246987951807229 0.122 0.05421686746987952
10 0.388 0.47138554216867473 0.196 0.10542168674698796
10 0.294 0.4051204819277109 0.10400000000000001 0.06325301204819278
10 0.125 0.4668674698795181 0.198 0.13855421686746988
10 0.429 0.7756024096385542 0.534 0.4367469879518073
2 0.9390000000000001 0.5150602409638555 0.074 0.13855421686746988
2 0.8210000000000001 0.6340361445783133 0.122 0.23192771084337352
2 0.716 0.7409638554216867 0.108 0.31927710843373497
2 0.615 0.549698795180723 0.11800000000000001 0.1536144578313253
2 0.793 0.4367469879518073 0.042 0.060240963855421686
2 0.561 0.4382530120481928 0.054 0.11746987951807229
2 0.5 0.43222891566265065 0.02 0.0391566265060241
2 0.47100000000000003 0.4984939759036145 0.082 0.09337349397590362
2 0.382 0.40060240963855426 0.044 0.03614457831325302
2 0.258 0.48945783132530124 0.064 0.10542168674698796
2 0.133 0.48945783132530124 0.098 0.11144578313253013
2 0.037 0.5617469879518072 0.074 0.12951807228915663
2 0.106 0.7846385542168675 0.2 0.3704819277108434
2 0.459 0.924698795180723 0.322 0.14457831325301207