17 0.165 0.5652173913043478 0.038 0.06086956521739131
17 0.195 0.5554347826086956 0.03 0.08478260869565217
17 0.234 0.5652173913043478 0.032 0.07391304347826087
17 0.266 0.5565217391304348 0.036000000000000004 0.09130434782608696
17 0.34 0.5456521739130434 0.04 0.1
17 0.487 0.5521739130434783 0.03 0.08695652173913043
17 0.52 0.5565217391304348 0.036000000000000004 0.06521739130434782
17 0.303 0.6217391304347826 0.098 0.11304347826086956
1 0.661 0.7043478260869566 0.186 0.5869565217391305
1 0.9 0.6728260869565218 0.196 0.65
1 0.061 0.6652173913043479 0.122 0.6652173913043479