16 0.329 0.484 0.074 0.06666666666666667
16 0.261 0.49466666666666664 0.074 0.088
1 0.6980000000000001 0.5373333333333333 0.032 0.09866666666666667
1 0.23800000000000002 0.504 0.048 0.05333333333333333
1 0.304 0.5373333333333333 0.044 0.13599999999999998
18 0.306 0.5626666666666666 0.044 0.08533333333333333
1 0.41100000000000003 0.5453333333333333 0.042 0.12
18 0.10400000000000001 0.6986666666666667 0.124 0.19733333333333333
18 0.251 0.7213333333333333 0.114 0.19999999999999998
18 0.389 0.7839999999999999 0.11800000000000001 0.24533333333333332
18 0.562 0.8546666666666667 0.152 0.2693333333333333
18 0.47600000000000003 0.6293333333333333 0.092 0.15466666666666667
18 0.194 0.6453333333333333 0.076 0.16
1 0.5680000000000001 0.7626666666666666 0.116 0.304
1 0.395 0.7106666666666667 0.08600000000000001 0.248
1 0.255 0.648 0.098 0.21333333333333332
1 0.117 0.632 0.094 0.224
1 0.196 0.5933333333333333 0.064 0.17333333333333334
16 0.87 0.6906666666666667 0.256 0.3413333333333333
18 0.604 0.5866666666666667 0.068 0.09066666666666666
18 0.653 0.5973333333333333 0.022 0.048
1 0.602 0.5599999999999999 0.048 0.12266666666666666
1 0.644 0.5373333333333333 0.028 0.07733333333333334
1 0.029 0.532 0.038 0.13066666666666665
1 0.07200000000000001 0.52 0.044 0.06933333333333333
1 0.146 0.4933333333333333 0.036000000000000004 0.058666666666666666
1 0.165 0.484 0.026000000000000002 0.04533333333333333
18 0.152 0.5493333333333333 0.036000000000000004 0.08533333333333333
18 0.07 0.5986666666666667 0.052000000000000005 0.104
19 0.138 0.39599999999999996 0.036000000000000004 0.04533333333333333
1 0.785 0.5586666666666666 0.03 0.104
1 0.761 0.568 0.034 0.10133333333333333
1 0.8230000000000001 0.564 0.046 0.056
1 0.47400000000000003 0.584 0.064 0.16