15 0.984 0.5453333333333333 0.028 0.029333333333333333
15 0.9420000000000001 0.5426666666666666 0.028 0.029333333333333333
15 0.8270000000000001 0.5786666666666667 0.10200000000000001 0.08533333333333333
15 0.726 0.5693333333333334 0.092 0.06666666666666667
15 0.671 0.5373333333333333 0.034 0.024
15 0.65 0.5653333333333334 0.04 0.03733333333333333
15 0.591 0.5666666666666667 0.078 0.06133333333333333
15 0.594 0.5253333333333333 0.024 0.021333333333333333
15 0.559 0.5519999999999999 0.03 0.021333333333333333
15 0.538 0.5373333333333333 0.028 0.029333333333333333
15 0.506 0.572 0.076 0.06133333333333333
15 0.46900000000000003 0.5466666666666666 0.046 0.03733333333333333
15 0.364 0.5253333333333333 0.036000000000000004 0.026666666666666665
15 0.311 0.5506666666666666 0.062 0.056
15 0.222 0.568 0.08 0.08
15 0.112 0.5373333333333333 0.052000000000000005 0.029333333333333333
15 0.073 0.532 0.034 0.029333333333333333
15 0.013000000000000001 0.5466666666666666 0.026000000000000002 0.058666666666666666
15 0.021 0.5066666666666666 0.03 0.021333333333333333